1:2023-2-27 9,24,16
2:2023-2-27 9,24,17
3:2023-2-27 9,24,18
4:2023-2-27 9,24,19
5:2023-2-27 9,24,20
6:2023-2-27 9,24,21
7:2023-2-27 9,24,22
8:2023-2-27 9,24,23
9:2023-2-27 9,24,24
10:2023-2-27 9,24,25
11:2023-2-27 9,24,26
12:2023-2-27 9,24,27
13:2023-2-27 9,24,28
14:2023-2-27 9,24,29
15:2023-2-27 9,24,30
16:2023-2-27 9,24,31
17:2023-2-27 9,24,32
18:2023-2-27 9,24,33
19:2023-2-27 9,24,34
20:2023-2-27 9,24,35
21:2023-2-27 9,24,36
22:2023-2-27 9,24,37
23:2023-2-27 9,24,38
24:2023-2-27 9,24,39
25:2023-2-27 9,24,40
26:2023-2-27 9,24,41
27:2023-2-27 9,24,42
28:2023-2-27 9,24,43
29:2023-2-27 9,24,44
30:2023-2-27 9,24,45
31:2023-2-27 9,24,46
32:2023-2-27 9,24,47
33:2023-2-27 9,24,48
